%YAML:1.0
---
rotation_matrix: !!opencv-matrix
    rows: 3
    cols: 3
    dt: d
    data: [ 9.999957824489283e-01, 1.384127605741120e-04,  2.901021589618670e-03,
           -1.287498211802540e-04, 9.999944445926076e-01, -3.330796812442055e-03, 
           -2.901466498043608e-03, 3.330409258625485e-03,  9.999902448855843e-01]
translation_vector: !!opencv-matrix
    rows: 3
    cols: 1
    dt: d
    data: [-0.399577424, 0.000167072, -0.000584272]
avg_reprojection_error: 0.110805
