%YAML:1.0
---
image_width: 2048
image_height: 2048
camera_matrix: !!opencv-matrix
    rows: 3
    cols: 3
    dt: d
    data: [1.45572e+03, 0., 1.02112e+03,
           0., 1.45513e+03, 1.01076e+03,
           0., 0., 1.]
distortion_coefficients: !!opencv-matrix
    rows: 5
    cols: 1
    dt: d
    data: [-0.017925, -0.019475, -0.000444, -0.000287, -0.011515]